0 0.76328125 0.0703125 0.3265625 0.1015625
0 0.76484375 0.18359375 0.3265625 0.1015625
0 0.26171875 0.05703125 0.38984375 0.0859375
0 0.26171875 0.15859375 0.38984375 0.0859375
0 0.26015625 0.296875 0.38984375 0.0859375
0 0.76171875 0.32890625 0.4265625 0.06953125
0 0.76015625 0.4078125 0.4265625 0.06953125
0 0.75859375 0.4875 0.4265625 0.06953125
0 0.75859375 0.56875 0.4265625 0.06953125
0 0.2625 0.43203125 0.428125 0.06328125
0 0.2625 0.50859375 0.428125 0.06328125
0 0.2640625 0.5828125 0.428125 0.06484375
0 0.75546875 0.69609375 0.428125 0.06484375
0 0.75234375 0.76640625 0.428125 0.06484375
0 0.75390625 0.8390625 0.428125 0.06484375
0 0.75234375 0.9125 0.428125 0.06484375
0 0.26015625 0.72734375 0.246875 0.1234375